00100000000100000000000000000000
00100000000100010000000000000101
00100000000010000000000000000000
00100000000010010000000000110111
00100000000010100000000000000000
00000010000000000101100000100000
00000001000100010110100000101010
00010001101000000000000000001001
10001101011011000000000000000000
00000001100010010110000000100101
00100001100011000000000000001010
00110001100011000000000011111111
00000001010011000101000000100000
10101101011011000000000000000000
00100001000010000000000000000001
00100001011010110000000000000100
00100001001010010000000000000001
00001000000000000000000000011000
00001000000000000000000001001000
